1222211122212132312313131313133231312222222222222222222222222222222222222222222222222222222222
1222211122212132312313131313133231312222222222222222222222222222222222222222222222222222222222
1222211122212132312313131313133231312222222222222222222222222222222222222222222222222222222222
1222211122212132312313131313133231312222222222222222222222222222222222222222222222222222222222
1222211122212132312313131313133231312222222222222222222222222222222222222222222222222222222222
1222211122212132312313131313133231312222222222222222222222222222222222222222222222222222222222
1222211122212132312313131313133231312222222222222222222222222222222222222222222222222222222222
1222211122212132312313131313133231312222222222222222222222222222222222222222222222222222222222
1222211122212132312313131313133231312222222222222222222222222222222222222222222222222222222222
1222211122212132312313131313133231312222222222222222222222222222222222222222222222222222222222
1222211122212132312313131313133231312222222222222222222222222222222222222222222222222222222222
1222211122212132312313131313133231312222222222222222222222222222222222222222222222222222222222
1222211122212132312313131313133231312222222222222222222222222222222222222222222222222222222222
1222211122212132312313131313133231312222222222222222222222222222222222222222222222222222222222
1222211122212132312313131313133231312222222222222222222222222222222222222222222222222222222222
1222211122212132312313131313133231312222222222222222222222222222222222222222222222222222222222
1222211122212132312313131313133231312222222222222222222222222222222222222222222222222222222222
1222211122212132312313131313133231312222222222222222222222222222222222222222222222222222222222
1222211122212132312313131313133231312222222222222222222222222222222222222222222222222222222222
1222211122212132312313131313133231312222222222222222222222222222222222222222222222222222222222
1222211122212132312313131313133231312222222222222222222222222222222222222222222222222222222222
1222211122212132312313131313133231312222222222222222222222222222222222222222222222222222222222
1222211122212132312313131313133231312222222222222222222222222222222222222222222222222222222222
1222211122212132312313131313133231312222222222222222222222222222222222222222222222222222222222
1222211122212132312313131313133231312222222222222222222222222222222222222222222222222222222222
1222211122212132312313131313133231312222222222222222222222222222222222222222222222222222222222
1222211122212132312313131313133231312222222222222222222222222222222222222222222222222222222222
1222211122212132312313131313133231312222222222222222222222222222222222222222222222222222222222
1222211122212132312313131313133231312222222222222222222222222222222222222222222222222222222222
1222211122212132312313131313133231312222222222222222222222222222222222222222222222222222222222
1222211122212132312313131313133231312222222222222222222222222222222222222222222222222222222222
1222211122212132312313131313133231312222222222222222222222222222222222222222222222222222222222
1222211122212132312313131313133231312222222222222222222222222222222222222222222222222222222222
v
1222211122212132312313131313133231312222222222222222222222222222222222222222222222222222222222
1222211122212132312313131313133231312222222222222222222222222222222222222222222222222222222222
1222211122212132312313131313133231312222222222222222222222222222222222222222222222222222222222
1222211122212132312313131313133231312222222222222222222222222222222222222222222222222222222222
1222211122212132312313131313133231312222222222222222222222222222222222222222222222222222222222
1222211122212132312313131313133231312222222222222222222222222222222222222222222222222222222222
1222211122212132312313131313133231312222222222222222222222222222222222222222222222222222222222
1222211122212132312313131313133231312222222222222222222222222222222222222222222222222222222222
1222211122212132312313131313133231312222222222222222222222222222222222222222222222222222222222
1222211122212132312313131313133231312222222222222222222222222222222222222222222222222222222222
1222211122212132312313131313133231312222222222222222222222222222222222222222222222222222222222
1222211122212132312313131313133231312222222222222222222222222222222222222222222222222222222222
1222211122212132312313131313133231312222222222222222222222222222222222222222222222222222222222
1222211122212132312313131313133231312222222222222222222222222222222222222222222222222222222222
1222211122212132312313131313133231312222222222222222222222222222222222222222222222222222222222
1222211122212132312313131313133231312222222222222222222222222222222222222222222222222222222222
1222211122212132312313131313133231312222222222222222222222222222222222222222222222222222222222
1222211122212132312313131313133231312222222222222222222222222222222222222222222222222222222222
1222211122212132312313131313133231312222222222222222222222222222222222222222222222222222222222
1222211122212132312313131313133231312222222222222222222222222222222222222222222222222222222222
1222211122212132312313131313133231312222222222222222222222222222222222222222222222222222222222
1222211122212132312313131313133231312222222222222222222222222222222222222222222222222222222222
1222211122212132312313131313133231312222222222222222222222222222222222222222222222222222222222
1222211122212132312313131313133231312222222222222222222222222222222222222222222222222222222222
1222211122212132312313131313133231312222222222222222222222222222222222222222222222222222222222
1222211122212132312313131313133231312222222222222222222222222222222222222222222222222222222222
1222211122212132312313131313133231312222222222222222222222222222222222222222222222222222222222
1222211122212132312313131313133231312222222222222222222222222222222222222222222222222222222222
1222211122212132312313131313133231312222222222222222222222222222222222222222222222222222222222
